beautiful: [0.23053956 1.2618545 ]
boy: [ 1.3690746 -0.7623496]
can: [0.72268444 0.7789299 ]
children: [-0.91583246  0.4333393 ]
daughter: [-0.9251522  1.4810594]
family: [-1.1047318   0.05256511]
future: [0.24810846 0.4956097 ]
king: [-0.46696472 -0.76168334]
man: [ 0.77181643 -0.74471664]
now: [ 1.2934039 -0.7929974]
only: [ 1.1674384  -0.95069224]
prince: [ 0.469079  -1.2758662]
princess: [0.9243437 1.2978866]
queen: [-0.78390324  0.26591343]
realm: [-0.91961664 -0.2849692 ]
royal: [-1.1746243  0.7522673]
rule: [-1.231524   -0.17696121]
son: [0.960767  0.5943081]
strong: [ 1.3701627  -0.05216482]
their: [-1.1620258  0.4964958]
woman: [0.4961837  0.85904676]
